3
6
9
12
15
18
21
24
27
30
33
36
39
42
45
48
51
54
57
60
63
66
69
72
75
76.5
78
79.5
81
82.5
84
85.5
87
88.5
90
91.5
93
94.5
96
97.5
99
100.5
102
103.5
105
106.5
108
109.5
111
112.5
111
109.5
108
106.5
105
103.5
102
100.5
99
97.5
96
94.5
93
91.5
90
88.5
87
85.5
84
82.5
81
79.5
78
76.5
75
72
69
66
63
60
57
54
51
48
45
42
39
36
33
30
27
24
21
18
15
12
9
6
3
0
0
0
0
0
0
0
0
0
0
0
0
0
0
0
0
0
0
0
0
0
0
0
0
0
0
0
0
0
0
0
0
0
0
0
0
0
0
0
0
0
0
0
0
0
0
0
0
0
0
0
40
80
120
160
200
240
280
320
360
400
360
320
280
240
200
160
120
80
40
0
-40
-80
-120
-160
-200
-240
-280
-320
-360
-400
-440
-480
-520
-560
-600
-640
-680
-720
-760
-800
-840
-880
-920
-960
-1000
-960
-920
-880
-840
-800
-760
-720
-680
-640
-600
-560
-520
-480
-440
-400
-360
-320
-280
-240
-200
-160
-120
-80
-40
0
0.3
0.6
0.9
1.2
1.5
1.8
2.1
2.4
2.7
3
3.3
3.6
3.9
4.2
4.5
4.8
5.1
5.4
5.7
6
6.3
6.6
6.9
7.2
7.5
7.8
8.1
8.4
8.7
9
9.3
9.6
9.9
10.2
10.5
10.8
11.1
11.4
11.7
12
12.3
12.6
12.9
13.2
13.5
13.8
14.1
14.4
14.7
15
15.3
15.6
15.9
16.2
16.5
16.8
17.1
17.4
17.7
18
18.3
18.6
18.9
19.2
19.5
19.8
20.1
20.4
20.7
21
21.3
21.6
21.9
22.2
22.5
22.8
23.1
23.4
23.7
24
24.3
24.6
24.9
25.2
25.5
25.8
26.1
26.4
26.7
27
27.3
27.6
27.9
28.2
28.5
28.8
29.1
29.4
29.7
30
30.3
30.6
30.9
31.2
31.5
31.8
32.1
32.4
32.7
33
33.3
33.6
33.9
34.2
34.5
34.8
35.1
35.4
35.7
36
36.3
36.6
36.9
37.2
37.5
37.8
38.1
38.4
38.7
44.7
50.7
56.7
62.7
68.7
74.7
80.7
86.7
92.7
98.7
104.7
110.7
116.7
122.7
128.7
134.7
140.7
146.7
152.7
158.7
164.7
170.7
176.7
182.7
188.7
194.7
200.7
206.7
212.7
218.7
224.7
230.7
236.7
242.7
248.7
254.7
260.7
266.7
272.7
278.7
284.7
290.7
296.7
302.7
308.7
314.7
320.7
326.7
332.7
338.7
341.7
344.7
347.7
350.7
353.7
356.7
359.7
362.7
365.7
368.7
371.7
374.7
377.7
380.7
383.7
386.7
389.7
392.7
395.7
398.7
401.7
404.7
407.7
410.7
413.7
416.7
419.7
422.7
425.7
428.7
431.7
434.7
437.7
440.7
443.7
446.7
449.7
452.7
455.7
458.7
461.7
464.7
467.7
470.7
473.7
476.7
479.7
482.7
485.7
488.7
488.7
488.7
488.7
488.7
488.7
488.7
488.7
488.7
488.7
488.7
485.7
482.7
479.7
476.7
473.7
470.7
467.7
464.7
461.7
458.7
455.7
452.7
449.7
446.7
443.7
440.7
437.7
434.7
431.7
428.7
425.7
422.7
419.7
416.7
413.7
410.7
407.7
404.7
401.7
398.7
395.7
392.7
389.7
386.7
383.7
380.7
377.7
374.7
371.7
368.7
365.7
362.7
359.7
356.7
353.7
350.7
347.7
344.7
341.7
335.7
329.7
323.7
317.7
311.7
305.7
299.7
293.7
287.7
281.7
275.7
269.7
263.7
257.7
251.7
245.7
239.7
233.7
227.7
221.7
215.7
209.7
203.7
197.7
191.7
185.7
179.7
173.7
167.7
161.7
155.7
149.7
143.7
137.7
131.7
125.7
119.7
113.7
107.7
101.7
95.7
89.7
83.7
77.7
71.7
65.7
59.7
53.7
47.7
41.7
35.7
29.7
23.7
17.7
11.7
5.7
-0.3
-6.3
-12.3
-18.3
0
0
0
0
0
0
0
0
0
0
0
0
0
0
0
0
0
0
0
0
0
0
0
0
0
0
0
0
0
0
0
0
0
0
0
0
0
0
0
0
0